53,612
3,518
245,515
817,764
431,780
110,982
441,829
269,112
131,147
186,137
742,949
343,569
486,404
103,406
563,652
744,992
822,789
609,728
723,41
402,767
761,839
769,131
433,911
877,899
401,705
970,37
18,953
185,46
474,848
627,54
668,930
545,444
470,601
344,452
368,423
662,80
7,851
412,165
653,405
592,415
409,150
295,205
321,875
915,728
61,812
101,342
767,779
176,413
566,595
499,468
721,340
162,291
73,373
100,385
832,226
675,546
119,723
959,612
758,905
247,521
997,311
987,583
299,379
841,179
265,944
968,747
541,36
448,567
566,357
414,962
904,116
390,663
304,146
526,627
253,767
263,450
757,944
919,322
622,437
998,113
103,114
961,712
353,694
893,557
137,971
925,982
721,960
788,237
934,282
136,652
366,573
501,845
532,462
322,350
64,374
962,241
39,522
447,40
971,488
983,842
956,799
233,820
957,287
48,993
164,671
276,696
557,793
644,816
10,640
976,164
99,562
678,254
301,985
990,670
187,242
643,672
935,319
137,423
507,799
351,147
304,558
555,718
881,781
231,766
7,979
352,951
575,449
500,697
822,422
756,744
741,854
664,580
788,961
378,886
53,236
275,625
426,724
47,60
706,388
2,761
377,995
198,840
72,849
409,24
208,800
765,394
269,340
466,453
474,555
626,574
250,300
840,193
390,251
95,829
847,742
329,961
625,917
608,813
103,676
770,684
607,73
732,423
255,618
99,409
948,905
342,35
49,617
396,154
671,367
68,795
900,855
907,182
223,519
776,473
894,814
698,226
188,843
933,889
570,960
918,543
321,507
616,831
480,401
643,85
982,510
420,538
358,891
612,717
789,673
653,849
694,267
235,885
779,49
211,472
77,895
861,148
905,744
994,335
242,327
808,996
398,570
420,441
452,212
184,806
931,970
123,183
78,494
17,636
424,30
137,11
436,135
496,756
221,864
451,731
578,746
392,317
157,336
104,791
366,291
528,408
599,79
450,261
391,298
292,347
306,66
918,583
688,890
664,167
924,272
712,215
387,653
915,277
896,316
60,641
190,493
516,394
109,757
809,131
738,564
617,108
528,212
290,237
483,362
326,290
135,76
876,399
827,264
347,10
315,717
650,381
223,697
296,607
766,686
247,762
840,623
879,79
623,855
401,488
713,679
171,963
114,862
617,150
28,990
5,78
476,316
227,163
229,680
969,755
323,258
110,33
474,447
643,404
768,724
229,348
643,351
499,697
992,821
921,742
253,580
104,127
657,659
612,851
497,827
943,533
403,629
943,942
391,954
528,734
909,426
592,459
894,472
924,264
956,587
615,17
683,358
32,94
688,622
872,568
600,562
733,946
606,986
597,648
18,911
267,646
322,612
946,367
325,609
496,574
493,377
486,264
556,968
564,519
583,746
519,835
447,762
257,451
670,126
555,660
723,37
726,542
753,350
905,645
442,98
424,515
443,813
252,469
370,416
885,78
52,196
714,770
607,394
90,350
934,150
557,327
86,867
166,855
928,22
628,252
943,366
781,986
645,747
75,880
617,589
63,146
530,247
747,431
920,122
206,825
839,261
24,536
254,257
945,657
148,151
549,60
853,888
361,751
837,651
8,515
143,286
88,781
348,435
33,697
3,176
613,679
519,798
865,503
767,837
520,288
274,562
375,282
991,635
598,876
716,646
699,500
314,198
844,419
317,754
222,12
205,32
864,418
911,629
248,4
132,503
441,482
818,349
534,621
199,973
746,506
866,951
381,827
744,979
907,379
114,609
406,863
900,454
499,399
349,409
234,866
225,989
626,378
597,85
977,267
111,206
989,396
689,817
240,827
663,156
416,908
993,707
978,206
998,362
488,946
673,574
455,366
351,347
186,325
513,868
691,608
469,265
80,813
925,31
640,344
474,482
66,500
581,943
54,791
255,793
253,351
696,214
302,687
842,464
579,190
432,910
9,997
480,244
550,817
266,573
624,390
493,757
624,120
225,47
867,37
91,26
138,170
531,483
475,925
231,576
393,115
238,298
766,436
427,646
476,338
107,418
107,999
13,404
995,814
267,274
146,807
856,39
653,577
961,701
23,391
915,472
3,160
742,873
419,682
330,468
352,725
841,486
255,21
427,236
97,633
633,320
695,733
284,802
860,681
284,605
312,805
256,855
252,605
188,300
696,379
202,912
889,648
887,787
559,711
664,834
129,728
557,253
535,49
950,144
984,990
862,540
378,581
29,139
992,600
560,53
342,811
556,398
708,821
160,2
870,629
392,813
145,581
805,802
472,752
428,310
759,360
396,975
131,376
100,818
478,394
337,545
227,220
49,915
886,984
468,20
791,347
389,748
370,770
63,701
361,364
988,308
782,22
355,443
459,418
228,381
800,750
292,596
825,578
990,239
733,242
575,863
613,249
94,794
813,82
294,897
995,245
411,763
629,353
657,319
685,253
465,59
570,657
314,390
730,685
952,18
108,152
27,545
20,169
679,797
744,612
270,322
803,691
805,251
308,255
817,821
952,776
215,986
617,955
758,488
87,191
284,414
868,728
766,260
812,773
998,763
34,331
854,2
342,466
92,63
175,64
128,996
123,206
723,930
873,766
520,521
407,520
547,416
677,996
661,622
310,928
740,171
306,628
485,760
917,878
188,324
281,982
730,931
869,458
158,871
686,481
339,86
78,204
58,734
964,213
471,186
762,604
827,656
318,236
394,518
805,79
199,198
206,829
216,978
129,689
894,847
605,74
642,999
423,41
90,853
971,380
303,454
924,569
152,407
920,490
987,463
92,447
478,24
107,697
481,432
248,61
400,374
959,329
566,182
766,741
434,357
798,701
875,691
665,14
841,909
470,17
374,487
685,185
845,259
791,324
478,641
794,547
474,709
896,775
817,123
333,359
433,461
722,474
49,892
726,435
957,798
541,867
770,902
21,402
843,622
604,248
342,802
439,954
593,520
202,526
654,204
95,133
626,152
811,855
781,279
77,160
982,99
722,476
757,193
569,549
943,277
714,885
941,709
772,310
858,573
254,457
890,367
590,183
446,447
737,533
734,361
50,364
692,682
949,43
923,776
987,377
286,329
13,658
592,423
148,486
878,721
710,18
357,115
356,206
759,861
580,828
542,530
549,51
12,992
543,363
135,364
312,500
215,533
522,58
402,510
867,26
25,987
973,76
148,345
233,85
183238517
